000100030016711655000000003400000004800000000000
000100030010662544000000003400000004800000000000
000100030013263055000000003400000004800000000000
000100030010927369000000003400000004800000000000
000100020011778921000000003400000004800000000000
000100020013570354000000003400000004800000000000
000100020018335150000000003400000004800000000000
000100030013057940000000003400000004800000000000
000100020016214793000000003400000004800000000000
000100020013813280000000003400000004800000000000
000100030017403377000000003400000004800000000000
000100030015476939000000003400000004800000000000
000100020003571921000000003400000004800000000000
000100010010554876000000003400000004800000000000
000100020012559397000000003400000004800000000000
000100020008476076000000003400000004800000000000
000100020011514833000000003400000004800000000000
000100030011514134000000003400000004800000000000
000100030012644787000000003400000004800000000000
000100030014517387000000003400000004800000000000
000100020005740167000000003400000004800000000000
000100030017464630000000003400000004800000000000
000100030011777303000000003400000004800000000000
000100030013646787000000003400000004800000000000
000100020013982343000000003400000004800000000000
000100030015336562000000003400000004800000000000
000100020008780390000000003400000004800000000000
000100020009083722000000003400000004800000000000
000100030013248211000000003400000004800000000000
000100030013911945000000003400000004800000000000
000100020005859836000000003400000004800000000000
000100040012133079000000003400000004800000000000
000100030013622766000000003400000004800000000000
000100020015520299000000003400000005600000000000
000100040010394119000000003400000005600000000000
000100030010837617000000003400000005600000000000
000100020012428182000000003400000005600000000000
000100020013798455000000003400000005600000000000
000100020011338322000000003400000005600000000000
000100030011729653000000003400000005600000000000
000100020006880620000000003400000005600000000000
000100040008939659000000003400000005600000000000
000100020012188024000000003400000005600000000000
000100020012359439000000003400000005600000000000
000100020008004974000000003400000005600000000000
000100020008372704000000003400000005600000000000
000100030011340800000000003400000005600000000000
000100020012003278000000003400000005600000000000
000100030009905098000000003400000005600000000000
000100000008375395000000003400000005600000000000
000100020012131469000000003400000005600000000000
000100020004625189000000003400000005600000000000
000100030008934042000000003400000005600000000000
000100020009858502000000003400000005600000000000
000100030011211381000000003400000005600000000000
000100030013121318000000003400000005600000000000
000100040006620834000000003400000005600000000000
000100030011213293000000003400000005600000000000
000100020010934454000000003400000006400000000000
000100020004697294000000003400000006400000000000
000100020007878541000000003400000006400000000000
000100020009292192000000003400000006400000000000
000100040010925218000000003400000006400000000000
000100030008365843000000003400000006400000000000
000100030009487822000000003400000006400000000000
000100030014288492000000003400000006400000000000
000100020008557538000000003400000006400000000000
000100020011377054000000003400000008000000000000
000100020005341286000000003400000008000000000000
00010002000889064200000000350002294,520000000000
000100020004701119000000003500000018080000000000
000100000081248839000000003500000025680000000000
000100020008540478000000003500000023320000000000
000100020009904945000000003500000020080000000000
000100020008075550000000003500000021640000000000
00010001000493489300000000350001422,640000000000
000100000009171301000000003500000023200000000000
000100000008042203000000003500000025520000000000
000100020007955431000000003500000023000000000000
000100020008535019000000003500000020720000000000
000100000011532429000000003500000025120000000000
000100020011169531000000003500000025680000000000
000100000005435747000000003500000025680000000000
000100010005780744000000003500000025680000000000
000100000005950223000000003500000025680000000000
000100030017745662000000003500000100000000000000

